100,778578059,1,0,0
100,673044250,2,0,0
100,1532387218,3,0,0
100,203034948,4,0,0
100,1596907482,5,0,0
100,1761028231,6,0,0
100,263861127,7,0,0
100,673044251,8,0,0
100,1532387219,9,0,0
100,721575946,10,0,0
100,776731019,11,0,0
100,1533436949,12,0,0
100,267555206,13,0,0
100,786511127,14,0,0
100,1212493050,15,0,0
100,266631687,16,0,0
100,617925571,17,0,0
100,1214340092,18,0,0
100,1261633064,19,0,0
100,1284721086,20,0,0
100,343914872,21,0,0
100,1314661652,22,0,0
100,2118534344,23,0,0
100,1366572228,24,0,0
100,1262556584,25,0,0
100,1055278459,26,0,0
100,1057125500,27,0,0
100,1365648707,28,0,0
100,1011710468,29,0,0
100,345761914,30,0,0
100,14105340,31,0,0
100,958020042,32,0,0
100,1082316753,33,0,0
100,1051966769,34,0,0
100,779501580,35,0,0
100,672120729,36,0,0
100,1080469714,37,0,0
100,775807498,38,0,0
100,958943564,39,0,0
100,264784647,40,0,0
100,667755541,41,0,0
100,412129218,42,0,0
100,1051966770,43,0,0
100,714386674,44,1,1
200,778578059,1,0,0
200,673044250,2,0,0
200,1532387218,3,0,0
200,203034948,4,0,0
200,1596907482,5,0,0
200,1837709225,6,0,0
200,1057125500,7,0,0
200,1365648707,8,0,0
200,1011710468,9,0,0
200,345761914,10,0,0
200,14105340,11,0,0
200,958020042,12,0,0
200,1082316753,13,0,0
200,1051966769,14,0,0
200,779501580,15,0,0
200,264784647,16,0,0
200,1073207753,17,0,0
200,776731018,18,0,0
200,1412581905,19,0,0
200,916327222,20,0,0
200,873365415,21,0,0
200,984411201,22,0,0
200,378424988,23,0,0
200,1454279832,24,0,0
200,1795839818,25,0,0
200,1643231548,26,0,0
200,400634082,27,0,0
200,1559398218,28,0,0
200,14105341,29,0,0
200,961587921,30,0,0
200,667755541,31,0,0
200,1051966770,32,0,0
200,714386674,33,1,1
300,778578059,1,0,0
300,673044250,2,0,0
300,1532387218,3,0,0
300,203034948,4,0,0
300,1073207753,5,0,0
300,776731018,6,0,0
300,1412581905,7,0,0
300,1533436948,8,0,0
300,267555207,9,0,0
300,786511126,10,0,0
300,266631688,11,0,0
300,1761951751,12,0,0
300,766193664,13,0,0
300,765270145,14,0,0
300,756287351,15,0,0
300,980184545,16,0,0
300,1762875270,17,0,0
300,959867084,18,0,0
300,1984380751,19,0,0
300,1081393235,20,0,0
300,669602583,21,0,0
300,757210870,22,0,0
300,1010786950,23,0,0
300,1052890291,24,0,0
300,1532513429,25,0,0
300,758134390,26,0,0
300,755363832,27,0,0
300,1033874970,28,0,0
300,1011710469,29,0,0
300,668679062,30,0,0
300,777654539,31,0,0
300,958020043,32,0,0
300,1082316754,33,0,0
300,1051966770,34,0,0
300,714386674,35,1,1
400,778578059,1,0,0
400,673044250,2,0,0
400,673044252,3,0,0
400,1532387220,4,0,0
400,203034946,5,0,0
400,1073207752,6,0,0
400,776731020,7,0,0
400,1412581906,8,0,0
400,267555205,9,0,0
400,786511128,10,0,0
400,266631686,11,0,0
400,1761951750,12,0,0
400,766193666,13,0,0
400,756287353,14,0,0
400,980184543,15,0,0
400,1762875269,16,0,0
400,959867083,17,0,0
400,1984380749,18,0,0
400,669602585,19,0,0
400,1010786948,20,0,0
400,265708168,21,0,0
400,1533310739,22,0,0
400,958943563,23,0,0
400,264784646,24,0,0
400,667755542,25,0,0
400,1532513430,26,0,0
400,1413505428,27,0,0
400,758134392,28,0,0
400,1033874968,29,0,0
400,1011710467,30,0,0
400,668679063,31,0,0
400,777654541,32,0,0
400,14105341,33,0,0
400,961587921,34,0,0
400,667755541,35,0,0
400,412129218,36,0,0
400,1051966770,37,0,0
400,714386674,38,1,1
